[cookies]
q_c1 = e302f0ac764842fdba8e739b033e0cdc|1471886200000|1471886200000
cap_id = MWEzNGEwYmQ0MmY5NDU4ZmJkMTI2N2JjMWZkNzk3NzU=|1472043100|c0ae4000c4f712347158a4d0daf769751aa41ce7
_za = f6ee2fda-ef1a-4a9e-8d55-c09cc816faa0
_xsrf = 04c9325f0f09f97ff480cba34c4c5e40
_zap = 8117ce30-5e87-49a5-97a6-4b345ead4728
__utmt = 1
__utma = 51854390.103311341.1471886565.1472038639.1472042545.3
__utmb = 51854390.4.8.1472042549836
__utmc = 51854390
__utmz = 51854390.1472038639.2.2.utmcsr=zhihu.com|utmccn=(referral)|utmcmd=referral|utmcct=/people/he-ming-ke
__utmv = 51854390.000--|2=registration_date=20130422=1^3=entry_date=20160823=1
z_c0 = Mi4wQUFDQUlmRWFBQUFBa01BaTctTnNDaGNBQUFCaEFsVk5ZeVhsVndCWWdURFFCQzBNOUY0dkFnd2s1VzNueUJjVDd3|1472043108|157e0a8dd1a78c4f333b95a68e562a5cfb1ce137
